a: 0.03811836242675781
b: 0.038397789001464844
c: 0.03847026824951172
d: 0.03834819793701172
e: 0.038665771484375
f: 0.03815937042236328
g: 0.03886127471923828
h: 0.03845405578613281
i: 0.03856658935546875
j: 0.03858375549316406
k: 0.03833293914794922
l: 0.03847789764404297
m: 0.038669586181640625
n: 0.03858757019042969
o: 0.03847980499267578
p: 0.03835773468017578
q: 0.03822135925292969
r: 0.03818511962890625
s: 0.03866767883300781
t: 0.03836250305175781
u: 0.038750648498535156
v: 0.038178443908691406
w: 0.03889656066894531
x: 0.038440704345703125
y: 0.03843879699707031
z: 0.03832721710205078
