a: 0.03759765625
b: 0.03671875
c: 0.0361328125
d: 0.042578125
e: 0.03759765625
f: 0.041796875
g: 0.040234375
h: 0.0384765625
i: 0.0384765625
j: 0.03583984375
k: 0.03720703125
l: 0.03740234375
m: 0.036328125
n: 0.04052734375
o: 0.04150390625
p: 0.0376953125
q: 0.041015625
r: 0.0359375
s: 0.03662109375
t: 0.0380859375
u: 0.03818359375
v: 0.0412109375
w: 0.0396484375
x: 0.03740234375
y: 0.03994140625
z: 0.03583984375
