a: 0.03844634056091309
b: 0.03844128608703613
c: 0.03849695205688477
d: 0.03847640991210938
e: 0.03845515251159668
f: 0.03842771530151367
g: 0.03848454475402832
h: 0.03845662117004395
i: 0.038461732864379886
j: 0.038463287353515625
k: 0.038428125381469724
l: 0.03847251892089844
m: 0.03846646308898926
n: 0.03846200942993164
o: 0.03845755577087402
p: 0.0384735107421875
q: 0.03845612525939941
r: 0.038447418212890626
s: 0.03845968246459961
t: 0.03846731185913086
u: 0.038472862243652345
v: 0.0384569263458252
w: 0.0384716796875
x: 0.0384525203704834
y: 0.03848503112792969
z: 0.038460216522216796
