a: 0.03846875485032797
b: 0.03845347557216883
c: 0.03845854848623276
d: 0.03847031481564045
e: 0.0384485712274909
f: 0.03846365213394165
g: 0.03846547659486532
h: 0.03846251871436834
i: 0.03845690283924341
j: 0.038456412963569164
k: 0.03846805449575186
l: 0.03846471477299929
m: 0.03845865651965141
n: 0.03846187982708216
o: 0.03845764324069023
p: 0.038471644744277
q: 0.0384641420096159
r: 0.03845351468771696
s: 0.038459296338260174
t: 0.038459502160549164
u: 0.03846660815179348
v: 0.038470787927508354
w: 0.038464502431452274
x: 0.038451261818408966
y: 0.038458213210105896
z: 0.03846494946628809
